world: 7812e835-f96b-40c7-8dcc-71b868a050f5
world-name: Klinika
x: 1718.63416613393
y: -31.0
z: 1326.2513030599853
yaw: 84.05532836914062
pitch: 15.706350326538086
name: charka
lastowner: 57497690-5d92-38e4-9934-a79e869b80f5
