world: 7812e835-f96b-40c7-8dcc-71b868a050f5
world-name: Klinika
x: 480.9533910798113
y: 84.0
z: 224.50044861740167
yaw: -110.33971405029297
pitch: 9.816685676574707
name: LAUNS_HOUSE
lastowner: 57497690-5d92-38e4-9934-a79e869b80f5
