world: 7812e835-f96b-40c7-8dcc-71b868a050f5
world-name: Klinika
x: 1724.364352947415
y: 108.0
z: 1139.3974972507758
yaw: -0.24169921875
pitch: 9.790301322937012
name: obzor
lastowner: 57497690-5d92-38e4-9934-a79e869b80f5
