world: 7812e835-f96b-40c7-8dcc-71b868a050f5
world-name: Klinika
x: 874.7943667500341
y: 116.0
z: 1106.3029477229234
yaw: 10.88232421875
pitch: 43.284969329833984
name: pilorama
lastowner: 57497690-5d92-38e4-9934-a79e869b80f5
