world: 7812e835-f96b-40c7-8dcc-71b868a050f5
world-name: Klinika
x: 1717.6562382717584
y: 78.9375
z: 1295.342948527093
yaw: 13.0540771484375
pitch: 14.265277862548828
name: ratusha
lastowner: 57497690-5d92-38e4-9934-a79e869b80f5
